test conf C0_Pr C0_Rc C0_F1 C0_1_Pr C0_1_Rc C0_1_F1 C0_2_Pr C0_2_Rc C0_2_F1 C0_3_Pr C0_3_Rc C0_3_F1 C123_Pr C123_Rc C123_F1 C1-Pr C1-Rc C1-F1 C2-Pr C2-Rc C2-F1 C3-Pr C3-Rc C3-F1
graph_file_tag_20_anticipation_10 SixSix.conf 0.23801534490825027 0.435373725407604 0.3077734165429057 0.11614865207689326 0.10777877065068953 0.11180728810344347 0.2802922541009579 0.6600303295688066 0.3934849424286725 0.22438133473062014 0.7702490475574919 0.347525095640756 0.20635423711950696 0.3774597516097046 0.266833000203655 0.11614617708071973 0.294290765176862 0.16655784997053794 0.3298493482938466 0.42039602790010633 0.3696586749568281 0.34620912232304596 0.5665409563128065 0.429781715359058
graph_file_tag_20_anticipation_20 SixSix.conf 0.1730687448006634 0.3165744805425203 0.22379212106943835 0.0779396553643446 0.03279035125168982 0.04616036346307655 0.19477498037279747 0.6704373093741355 0.30185519859578785 0.14699414381207038 0.8035733062304596 0.2485264357290924 0.13645120809341807 0.24959428908627643 0.17644263449697672 0.07793965536433593 0.17106465226713488 0.10708826822749619 0.2530434697865945 0.3412599578405748 0.2906044280309254 0.3100939145515535 0.4376229523142623 0.36298288936443296
graph_file_tag_15_calendrier_10 SixSix.conf 0.33300426052675464 0.6598815976459151 0.4426357403533015 0.030600856696439915 0.044227467425608 0.03617342520006326 0.38784629920795505 0.7081395175859321 0.5011913238476905 0.33284988154583073 0.9315949795279395 0.4904623177024 0.2498976852318265 0.4951975194489826 0.3321688639664666 0.03060085669643967 0.23217934980289076 0.05407475019400977 0.5279192172456175 0.510342617220935 0.5189821412414348 0.5242970033030201 0.627336286911814 0.5712070640642045
graph_file_tag_15_calendrier_20 SixSix.conf 0.28167593430750953 0.5581693316933172 0.3744091307561375 -1.0 -1.0 -1.0 0.2951999618666241 0.6992999096657629 0.4151499916205754 0.2462982013155023 0.9841803687095166 0.3939960605380607 0.20305340784063797 0.40237084943411094 0.26990253929072666 0.03272305833151091 0.16291834000105962 0.05449957308181907 0.5190228980333365 0.44649137381939075 0.4800327732948806 0.5065136958380884 0.6575995734580119 0.5722522010855047
graph_file_tag_20_only_tags_10 SixSix.conf 0.21608883123037495 0.4140202475160408 0.2839671872985553 0.10922909425903699 0.1561961521639889 0.128557207406169 0.27187638228797684 0.614560022990703 0.3769799046035341 0.25990997767122137 0.7292196549119969 0.38322876594165134 0.1951196593435176 0.37384389186925987 0.2564111274745104 0.10920074325187647 0.2742666304533495 0.1562068741614319 0.3209639275171261 0.4316480595508155 0.36816702066710283 0.3127559042962015 0.6687199903226534 0.42618698317706133
graph_file_tag_20_only_tags_20 SixSix.conf 0.15839478195804413 0.3034800385477196 0.20815014112155963 0.07735069248253518 0.08404588934837727 0.08055942285343201 0.2013103681219471 0.6142854178021392 0.3032434098456778 0.18593420548420406 0.7506363756678516 0.29804262684754346 0.1358142804227843 0.2602164196857815 0.1784765968099414 0.07735069248254202 0.16716011775451137 0.10576179311858748 0.24975341939961004 0.3890094606377515 0.30420190655848295 0.31358249807379535 0.48285240957790726 0.38022960405599915
graph_file_tag_20_only_tags_10 NineThree.conf 0.1827275470882424 0.2737555489188313 0.21916553052364612 -1.0 -1.0 -1.0 0.18318629742352413 0.4386776914113935 0.25844796770595785 0.1812882359569998 0.783470527364016 0.2944445704565466 0.12586960065444142 0.18857310880833458 0.15096945284833482 0.06331666995744012 0.12355050681347625 0.0837258506085683 0.1952961330284988 0.2164712710681383 0.20533923632988524 0.28392061227350057 0.37347709820437847 0.3225987699751368
graph_file_tag_20_anticipation_20 NineThree.conf 0.14241837660179263 0.21560993694391775 0.17153289858371618 -1.0 -1.0 -1.0 0.14295778800642847 0.4361701797685034 0.21533729180319705 0.14011628297358905 0.8042150116813909 0.23865272449649777 0.08941707527896367 0.13537024099434833 0.10769656607142118 0.04309512308653391 0.07680469998283167 0.05521122408111579 0.15715717391086398 0.18372705724159208 0.16940663397324834 0.2881179728098305 0.3880084364782731 0.33068432948489146
graph_file_tag_15_calendrier_10 NineThree.conf 0.32265963893378125 0.5064145746048239 0.39417350370935966 -1.0 -1.0 -1.0 0.29431626564736374 0.41170955202218584 0.34325322063288305 0.35116307038856953 0.7778805907237766 0.48388374345968604 0.19384411093891726 0.30423849510637346 0.23680746880739897 0.01134708583897927 0.11508981289608126 0.020657482098803904 0.3546272299692589 0.3061903660737068 0.3286336260238809 0.5314493604207335 0.34619382236836854 0.4192694459144225
graph_file_tag_15_calendrier_20 NineThree.conf 0.27346991298809736 0.4292112583734195 0.33408143056818235 -1.0 -1.0 -1.0 0.23576968886404007 0.40737635682219675 0.2986786517393677 0.33910871013976607 0.7623247148123216 0.4694082182205731 0.16358595367258702 0.2567482918352518 0.19984293272575662 0.013108729481893538 0.07523399923256333 0.022327183190556536 0.3422227120138504 0.25075370018906057 0.28943347344090864 0.5502056538132325 0.39028461671905423 0.45664864261406996
graph_file_tag_15_calendrier_10 ElevenOne.conf 0.17305626451261638 0.44647205211947893 0.24943100573387547 -1.0 -1.0 -1.0 0.1144730997864188 0.24972114190957515 0.15698410311745295 0.21101528444405968 0.6174798525822922 0.3145406192697642 0.06625508770935837 0.17093310696532035 0.09549537665610866 -1.0 -1.0 -1.0 0.12351202076144581 0.15832827250774875 0.1387696887075184 0.2022456116191338 0.18188871074620028 0.19152776208575906
graph_file_tag_20_anticipation_10 NineThree.conf 0.170919546654674 0.2587584099468339 0.20586054947293486 0.06792526851392869 0.08381287212520797 0.075037321797259 0.21225102814866734 0.3531954363317349 0.26515717829349394 0.27951597083488994 0.5597187104746266 0.3728404515138663 0.13762847494782712 0.20835841211803052 0.16576379957947363 0.0679252685139309 0.1401378768494638 0.09150013470522785 0.20870134106982108 0.22318407163482287 0.21569987633485865 0.30440679386635927 0.47111586911172115 0.36984314734311197
graph_file_tag_15_calendrier_20 ElevenOne.conf 0.1499203409500782 0.38678312204961585 0.21608452908919343 -1.0 -1.0 -1.0 0.08503610531646244 0.2558823620882529 0.12765069406070484 0.22503043793520175 0.578660721481762 0.32404555915584754 0.05118039702224352 0.13204154701457546 0.07376778840725735 0.0018248713736215593 0.03947355189631922 0.003488469978619659 0.09074327069659852 0.12440072923654633 0.10493928765360917 0.21975116751296667 0.15453052725492503 0.1814583200587626
graph_file_random_cluster_10 SixSix.conf 0.1954398127233819 0.32571915786629096 0.2442958667363175 0.17648325763234698 0.2120324703573021 0.19263148643232111 0.21495088878321222 0.5522404472138862 0.30945233445939846 0.13667857183661633 0.9095346371361869 0.23764543244825478 0.1936211081821682 0.3226881126390361 0.24202252234429403 0.1764832576323495 0.25232948529715177 0.20769872302631937 0.2170028863101429 0.4613235156114767 0.2951633140825328 0.20099382455085807 0.8503336308991675 0.3251352520713573
graph_file_tag_20_only_tags_10 ElevenOne.conf 0.06356727539459849 0.13742333778788418 0.08692572275378996 -1.0 -1.0 -1.0 0.06514630323030031 0.20369440576340062 0.0987197033801101 0.0588454723541038 0.702976012375997 0.10860012832671792 0.04059026793216204 0.08775034113568438 0.0555055782219815 0.01752494912859624 0.04910691195146214 0.025831370154221565 0.07522964724529432 0.09922151607423099 0.08557580828206779 0.058372313213829054 0.3286351733609382 0.09913604226258102
graph_file_random_cluster_20 SixSix.conf 0.10870024618757644 0.181159366429541 0.13587313908466583 0.10499315678148802 0.10606264455582363 0.10552519094901722 0.11571008145545549 0.5111298110261779 0.18870168531873877 -1.0 -1.0 -1.0 0.10853814752437659 0.18088921348919815 0.13567051898965554 0.10499315678148319 0.1460437324945489 0.12216206587783869 0.11786489572077469 0.3339981451323503 0.17424154218336482 -1.0 -1.0 -1.0
graph_file_tag_20_only_tags_20 NineThree.conf 0.13583508186356122 0.20350301851335428 0.16292216611420499 -1.0 -1.0 -1.0 0.13728224190851523 0.4381339525997521 0.20905915350725826 0.12913480206986674 0.6602704380853355 0.21602058865981322 0.08182344732483751 0.12258481599398327 0.09813998780141345 0.04285243905928135 0.07507770966247006 0.05456217961044621 0.1481722185937734 0.17396463924604788 0.16003587249720744 0.2190244638882409 0.25439087396725757 0.23538664818564248
graph_file_tag_20_anticipation_20 ElevenOne.conf 0.04981028741557772 0.10099875965236203 0.06671718102740393 -1.0 -1.0 -1.0 0.04603107265871741 0.17496515135134202 0.07288661723225204 0.06590920766571678 0.5740978775247924 0.11824349169186323 0.02664103837296227 0.05401919906765627 0.03568369250828436 0.013096179459754628 0.03377397515584732 0.018873845983133856 0.0514291784356932 0.06911068062213872 0.058973115669944697 0.06708277503102422 0.1462660763731631 0.09198019329781058
graph_file_tag_15_calendrier_10_jaccard_1 SixSixPlus.conf 0.3264686900555705 0.6469307042332175 0.4339485329597127 -1.0 -1.0 -1.0 0.362022747257902 0.6811255042983669 0.472766792113475 0.2720255218555838 0.9809158714733823 0.4259323752167121 0.17426017262925 0.3453141438453389 0.23163001099094324 0.02587827092670184 0.24399759726299647 0.04679363123343632 0.48216311401483963 0.34169951017594463 0.399957213851289 0.5908202400571254 0.4239452543878524 0.4936617146319242
graph_file_tag_15_calendrier_10_jaccard_2 SixSixPlus.conf 0.3318207942333808 0.6575364395773569 0.44106265393655825 0.030695609578975616 0.03620325481507114 0.0332227156725992 0.38322107375097275 0.7015574058420804 0.49568015483789235 0.319092442912135 0.9454974699977766 0.47715246561566804 0.24902829399748855 0.4934747328522352 0.3310132522272674 0.030695609578977157 0.22782010393178173 0.054101755514686996 0.49964940012928266 0.518360566435502 0.5088330263487484 0.5443691273392972 0.5987960457754165 0.5702869341354148
graph_file_tag_15_calendrier_50 SixSix.conf 0.16386190835224165 0.32470893226933395 0.21780843585744755 0.05797793534495217 0.02848600626739514 0.038202279442950814 0.18268470508398976 0.7351845793226263 0.29264946618772153 0.17485070844194567 0.9163505447349191 0.293666345161526 0.13703566234594536 0.2715500145861832 0.1821504678689466 0.05797793534495713 0.13924707374224157 0.08186850010317652 0.33017688739978723 0.44967195639672075 0.38076939677500854 0.3720570344944829 0.6017196159151538 0.4598056767953406
graph_file_tag_15_calendrier_50 SixSix.conf 0.06753837808474274 0.1338341220093091 0.0897733258382613 0.04143874174070402 0.018395464414482934 0.025479903488482662 0.07452351259178801 0.7171017785899402 0.1350157556147935 0.058233050913681215 1.0 0.11005713885689479 0.059410963154737435 0.11772882792011409 0.0789702078270692 0.04143874174067627 0.06889715295365022 0.05175126980795649 0.10038221142722503 0.3685319739168353 0.15778603283783527 0.17082710281054825 0.3682070783864405 0.23337944282277528
graph_file_tag_15_calendrier_10_sample_5000 SixSix.conf 0.06616297710281242 0.11901670575169301 0.085047122406926 0.043121982819359334 0.011372744610821545 0.017998632926281996 0.0727968304292069 0.72648990898984 0.13233339202325084 0.022078568747632404 0.8207982671201344 0.04300047218616998 0.0592271020208355 0.10654016615366542 0.07613161946370967 0.04312198281930456 0.06800838991710038 0.05277866976168372 0.10779775751321972 0.32390394925241717 0.16176039534651007 0.06432103856424214 0.3622048142838792 0.10924256840301477
graph_file_tag_20_calendrier_20_with_sim SixSixPlus.conf 0.3685096691505136 0.5921830487530755 0.45430797029199177 -1.0 -1.0 -1.0 0.3961361751283766 0.5992322578226726 0.4769642411175173 0.3315046000961259 0.9233527206601173 0.48785733540707665 0.21211946329547426 0.3408690761459415 0.26150619887760373 0.028707897088665116 0.17633897067180304 0.04937720900648884 0.40772179973204664 0.4112643334889868 0.409485404975655 0.639509012564294 0.2640881063691555 0.3738097888878981
graph_file_tag_20_calendrier_100_with_sim SixSixPlus.conf 0.21634433332584968 0.4069102403250364 0.2824936338642659 -1.0 -1.0 -1.0 0.21736990563154146 0.7401399084108968 0.33604698288404955 0.20899226705702553 0.9658019498670675 0.3436263749395967 0.0558545137583239 0.10505370428356291 0.07293255301281999 0.008838339952174019 0.030629329683540877 0.01371818659419289 0.3115162524899334 0.15226429688386375 0.2045484797381878 0.5479706926770876 0.3409336260714323 0.4203413827447669
graph_file_tag_20_calendrier_100 SixSix.conf 0.2197430579127262 0.4133027157701777 0.2869315502372049 0.05638019570098571 0.03630271259061019 0.044166806546376614 0.2477483622899146 0.7233082984600289 0.36907927954643266 0.275928629627629 0.918754311535705 0.42439815521206725 0.1772157339041535 0.3333153947864204 0.2314010997140545 0.05637647727880383 0.15753013165687005 0.08303618043658678 0.43610008685963864 0.4588484555720223 0.4471851549959926 0.5343170300825513 0.7539937201413531 0.6254262570995457
del SixSix.conf 0.3735747366295888 0.6003224473984753 0.46055231262123264 0.031081886478769555 0.06784351362348795 0.04263221349797679 0.44431243996810765 0.66581138655812 0.5329644759465902 0.4898680320987306 0.7522151287399012 0.5933357064142365 0.2886897425340315 0.4639150236454482 0.35590396115544876 0.03108188647877129 0.17952799608637707 0.05298961972871312 0.5394481206274072 0.49774405240154435 0.5177576549528934 0.6515945965484117 0.5478679709793379 0.595246269748755
del SixSix.conf 0.37589943147621313 0.6040581563823938 0.46341825478160054 0.031081886478771997 0.06502281773673733 0.04205895759048596 0.44587916485351003 0.667185802014041 0.5345316887321259 0.480218128695277 0.765633785727955 0.5902326265130361 0.28268404155223853 0.45426405756499816 0.3484999822327079 0.031081886478771206 0.18173393360598586 0.0530847142043495 0.529561633626079 0.4938159572370772 0.5110645129614932 0.6673880369776336 0.5171232333720629 0.5827244843247787
del SixSix.conf 0.17305576060364708 0.31655073006450085 0.22377533143482006 0.0779396553643404 0.02913695162243854 0.04241680852103796 0.19307698192075215 0.674561374677824 0.3002224909781534 0.14504350719979825 0.812997831643736 0.24616903690143813 0.1356844500891905 0.24819174804875876 0.1754511533354776 0.07793965536434456 0.1720969100753748 0.10728969850433381 0.2538146190718562 0.33347035528711483 0.2882404791348216 0.2982785503838269 0.46057152184192823 0.36207048246076673
graph_file_tag_20_anticipation_20_with_sim SixSixPlus.conf 0.3202165953214458 0.6116457097217076 0.4203606169067748 -1.0 -1.0 -1.0 0.3661251828599018 0.6497056845084308 0.46833310580926807 0.22523604955129864 0.9292956835124543 0.3625901006011777 0.16549456225333783 0.3161111587077957 0.2172510647478955 0.009496576468558948 0.09772421223848692 0.017310923852428068 0.4677715266894756 0.36204753821623753 0.40817459334901746 0.5324472270068131 0.2739289360959474 0.3617485463856078
graph_file_tag_20_anticipation_20_without_sim SixSix.conf 0.33582289998275217 0.641455311816278 0.4408476121184242 0.01821252691147096 0.04631895176540307 0.026144919435755688 0.40974213739610493 0.7041900867908504 0.518050102205151 0.3575229283170437 0.8268972560944802 0.4992058262889404 0.20649044077220377 0.39441738511424723 0.2710679281978621 0.018212526911465396 0.16792731343100725 0.032861108179799536 0.4639735151903974 0.4091746375328687 0.4348544844555179 0.58394554732083 0.5088489518181817 0.5438169388795584
del SixSix.conf 0.17184375514862177 0.3258383193746744 0.22501626334962144 0.08185500050325935 0.0313802673208113 0.04536805266938933 0.19520934162655146 0.6926034315031663 0.30457471206548875 0.1334326376589273 0.9637571450147794 0.23441096509044448 0.1483103605543605 0.28121591376473554 0.19420108178568593 0.08185500050326845 0.17211733080637237 0.11094644937995281 0.26361388970686644 0.39381499162066597 0.31582154272373647 0.2651467845972271 0.722972558224246 0.3879973619741687
del SlidingEighteenThree.conf 0.14574247649883926 0.20369973246920964 0.16991481114937726 -1.0 -1.0 -1.0 0.13887784405159517 0.2687977411970718 0.18313606276234584 0.16032921019120527 0.7554336002186974 0.2645184344639396 0.08651294307005747 0.1209164533349568 0.10086167558599234 0.03432489914029057 0.0675454128987083 0.04551845260373522 0.13795579059638596 0.12033280787837011 0.1285430928316105 0.2190227543772315 0.3567241574001346 0.27140643191808095
del SlidingEighteenThree.conf 0.14199250492837928 0.19845851368371062 0.16554288248096555 -1.0 -1.0 -1.0 0.13496142268231034 0.2612725697061964 0.17798431428284583 0.1569427736747467 0.7391463420814265 0.25891102801736726 0.08012681942844199 0.11199076668158864 0.09341637193389574 0.03432489914028926 0.06884136837322627 0.045809024268148965 0.1317640358826471 0.12566144485580602 0.12864040561601167 0.2200588316955976 0.22947891608813395 0.2246701747387913
del SlidingEighteenThree.conf 0.10558578206034215 0.1470474725709731 0.12291432031829082 -1.0 -1.0 -1.0 0.09882386815436939 0.2692711701349626 0.14458450045324356 0.12821399873565414 0.5822213828517102 0.21014981398597524 0.04648834915534688 0.06474351104759557 0.05411792883140259 0.01574463526803631 0.028744443684758276 0.020345252922827725 0.10169276405422671 0.09007766937164335 0.09553346690960175 0.21141209293803687 0.1968656378921632 0.2038797288783468
del SlidingEighteenThree.conf 0.11230309929471388 0.15640256283502157 0.1307340709145811 -1.0 -1.0 -1.0 0.10931153199344212 0.29826066305678717 0.15998799922109117 0.12237478255703058 0.5531259560333726 0.20041034666366914 0.04872090140013211 0.06785274752403879 0.05671688331549349 0.01574463526803803 0.028973930380795973 0.02040244178265827 0.1072712086402263 0.08824578854011957 0.09683283326386968 0.21268690592533637 0.24940343464056322 0.2295864690696274
graph_file_tag_20_only_tags_20 SlidingEighteenThree.conf 0.13285421005171 0.1916581541237834 0.15692833603291728 -1.0 -1.0 -1.0 0.12110041640805506 0.2521038279798695 0.16360949268675953 0.16007140236647235 0.7281622038537707 0.26244885197967377 0.0834027914469921 0.12031854354696937 0.0985159693259537 0.032899924955617624 0.06226025162933248 0.04305073151045125 0.12227300730587475 0.12429060527465763 0.12327355141940136 0.21912376839035827 0.3553918575383409 0.2710972498029683
graph_file_tag_20_only_tags_20 SlidingEighteenThree.conf 0.13780435887071377 0.1987993383204709 0.1627754869585673 -1.0 -1.0 -1.0 0.12829564470562174 0.2670747210480539 0.17332873927522277 0.15982065060489822 0.7270716734316046 0.26204098228151657 0.07969517387792344 0.11496985990938643 0.09413650513332562 0.03289992495561793 0.06556039715164175 0.04381322547370554 0.12239862339076636 0.11805910942961345 0.12018970904727594 0.21919652602238487 0.3164977265829438 0.25901044046509825
graph_file_tag_20_only_tags_20 SlidingNineThree.conf 0.25323383381828346 0.23947792185780395 0.24616385368631144 -1.0 -1.0 -1.0 0.2398198673942486 0.402605397951178 0.30058834344550445 0.31217971444224657 0.670543440636933 0.4260204081632598 0.13081738519501732 0.12371125562888642 0.12716512317181577 0.057081901399183635 0.07616276793989894 0.06525612816480647 0.23057230373988838 0.14781459662431448 0.18014340368150245 0.5438102074976302 0.25588545227369336 0.3480151960218805
graph_file_tag_20_only_tags_20 SlidingNineThree.conf 0.25323383381828346 0.23947792185780395 0.24616385368631144 -1.0 -1.0 -1.0 0.2398198673942486 0.402605397951178 0.30058834344550445 0.31217971444224657 0.670543440636933 0.4260204081632598 0.09295782801676508 0.08790826698870757 0.09036255870665957 0.05708190139918704 0.09591690846293244 0.07157074641730958 0.236970853673121 0.08498220890864995 0.1251008853937861 0.5372711285070977 0.059271920417554955 0.10676544342919628
graph_file_tag_20_only_tags_20 SlidingNineThree.conf 0.25323383381828346 0.23947792185780395 0.24616385368631144 -1.0 -1.0 -1.0 0.2398198673942486 0.402605397951178 0.30058834344550445 0.31217971444224657 0.670543440636933 0.4260204081632598 0.12852015086821733 0.12153880933957706 0.12493202482875125 0.057081901399190664 0.07675963001976499 0.06547423039431881 0.24045603243969904 0.15922506219809507 0.19158587801514612 0.5520082295932504 0.1617530888028357 0.25019298154721287
graph_file_tag_20_only_tags_20 NineThree.conf 0.13634064854777267 0.21263099367526322 0.1661467240969362 -1.0 -1.0 -1.0 0.14394194907732583 0.42704888935345464 0.2153108083267272 0.10584493666237864 0.8285707550175406 0.18771092965586064 0.0911041883723669 0.14208216190789652 0.11102090690344944 0.04405892567873979 0.08405807974130161 0.05781447475887146 0.17129590583668025 0.1779639029656604 0.1745662523796787 0.23453302138949317 0.5497179895431047 0.3287901939619756
graph_file_tag_20_only_tags_20 SixSix.conf 0.16805110164037548 0.3265459291117493 0.22190348793626952 0.07927588138575327 0.05392164203184025 0.06418566333909163 0.20138469356656083 0.6659443018278779 0.3092505609016663 0.13119702001133962 0.9158593490719623 0.22951585205095518 0.13500608039192094 0.2623350012406159 0.17826910885524258 0.07927279812673409 0.19056843268197676 0.11196875175858993 0.26571239682031245 0.3217622607419597 0.2910635221707614 0.2771536238730321 0.748418109613427 0.404509571546814
graph_file_tag_20_only_tags_20 ElevenOne.conf 0.05308485291455704 0.11596620311844236 0.07283064631551872 -1.0 -1.0 -1.0 0.05153256075819249 0.19876824238507684 0.08184581430723661 0.059818806610251685 0.5409517792861395 0.10772528026586765 0.02896339264983085 0.06327180901179588 0.03973680796615347 0.012912136120076773 0.03740043104310813 0.019196772647750028 0.05941071011787078 0.07466770258045624 0.06617114782162438 0.059902833520840824 0.23005936295913612 0.0950552029647318
graph_file_tag_20_only_tags_100 SlidingEighteenThree.conf 0.09997769868913145 0.13923719291384234 0.1163858489425877 -1.0 -1.0 -1.0 0.08972643910379509 0.24251133238025022 0.13098858808015856 0.13311193822122128 0.6207750093106202 0.21921739050971764 0.044748075157279514 0.06231986187811989 0.05209204436602479 0.015744635268048094 0.028340580484609867 0.020243162946890707 0.09678558915474698 0.09338378603496371 0.09505426139070386 0.21480140367996498 0.14714649730750357 0.17465095988682786
graph_file_tag_20_only_tags_100 SlidingNineThree.conf 0.18227149959366612 0.17370222313335848 0.17788371821787413 -1.0 -1.0 -1.0 0.17113465344439643 0.379203602082491 0.23583632929578663 0.24387721249730088 0.7077245441160381 0.36275235482793144 0.084137447647142 0.08018182621884114 0.08211202553441396 0.031781164223141596 0.039529862623204175 0.03523452434511273 0.22394118393587453 0.12300290257216394 0.15878878874576932 0.4956011644025858 0.24336087053429664 0.32643065571596275
graph_file_tag_20_only_tags_100 NineThree.conf 0.1136455966751788 0.16685889005583857 0.13520481145913155 -1.0 -1.0 -1.0 0.11505899510240215 0.4344776322875642 0.18193713493824482 0.10615359304600903 0.6219523823858241 0.1813540399929371 0.05486733382134084 0.08055835588523198 0.06527597849463088 0.024085490638570278 0.041394767817476044 0.030452332237596632 0.12720176233238145 0.12739278151393985 0.1272972002634794 0.24139360095380138 0.31878948169095167 0.2747449657646156
graph_file_tag_20_only_tags_100 SixSix.conf 0.13387280473575322 0.25063534091486994 0.1745255929358798 0.04452543323398722 0.013736989159827663 0.020996222557915646 0.15001199255986522 0.7055342989048332 0.24741760218922926 0.11593670936249402 0.9776600837137361 0.20729156065279364 0.09679873102793793 0.1812256268126559 0.1261933367382561 0.044525433233963116 0.0946983168859465 0.06057132611702171 0.25396049591156183 0.3419466251442895 0.291457951846793 0.3423167697845658 0.5025285078553526 0.40723180938941217
graph_file_tag_20_only_tags_100 ElevenOne.conf 0.044120067079617444 0.08770453599910442 0.058707250711863515 -1.0 -1.0 -1.0 0.043273955370182894 0.21473916337598903 0.07203209679663494 0.04887352607279498 0.4692934554001296 0.08852754709724299 0.01764561627451724 0.03507702254802188 0.023479692737624402 0.007081949814350617 0.015361892682657153 0.00969461027420079 0.040333682606560964 0.06935072163661785 0.051003969330512336 0.04649618838087996 0.0586992584598096 0.05188992225677927
graph_file_tag_20_anticipation_20 SlidingEighteenThree.conf 0.32329855521402445 0.4594440996441726 0.3795311593015934 -1.0 -1.0 -1.0 0.22468308347789778 0.2485024054154883 0.23599323314416615 0.36131545463518644 0.6182026383548562 0.45607359155973703 0.12833958747044527 0.18238518317851318 0.15066220257216845 0.0037739722932470586 0.08361644784183914 0.007221985131254512 0.29712117356721723 0.18544035685286525 0.22835743415718365 0.4588598507101228 0.18764856710041486 0.2663674319269208
graph_file_tag_20_anticipation_20 SlidingNineThree.conf 0.4457615849578594 0.4273726513760532 0.4363734750453122 0.015712777969735872 0.012817164722021823 0.014118027901741482 0.5059949654631671 0.43367797901147076 0.4670537239629293 0.49398682716700887 0.6338479269280204 0.5552453942258576 0.2391835396429801 0.22931653814985153 0.2341461352653598 0.015712777969742946 0.069655370059563 0.02564139879830756 0.5774930082409959 0.24438002798836483 0.34342958412285707 0.6863567613425008 0.27803716397035677 0.39575671805199353
graph_file_tag_20_anticipation_20 NineThree.conf 0.32301133369065194 0.48859915731441317 0.388913320351036 0.004993387807723447 0.019454753243970058 0.007947035927623552 0.3690289803294194 0.46029304891784084 0.4096393644554366 0.38820582328643954 0.6585274975801965 0.4884610134379213 0.16905233766534403 0.2557149583005515 0.20354303114793026 0.004993387807725423 0.08112664758562113 0.009407725184631649 0.37408676332392754 0.2501131722875353 0.29978864702723534 0.5015645360668051 0.3063308128136487 0.3803578575486519
graph_file_tag_20_anticipation_20 SixSix.conf 0.35038672496905887 0.6711920514570264 0.46041830578751725 0.014225357420245428 0.04515973752041033 0.02163550998358347 0.42190273650615956 0.7139680433652026 0.530386161193162 0.37036621621451843 0.8303545183889144 0.5122511042401579 0.21520045167167579 0.4122326056865847 0.28277962691688546 0.01422535742023795 0.18669132267834654 0.026436339591649115 0.5447279284863251 0.43027898461400876 0.4807862935344517 0.6011902185283218 0.4571639863300936 0.5193771907049504
graph_file_tag_20_anticipation_20 ElevenOne.conf 0.1815648708479881 0.3712613234786123 0.2438669330072441 -1.0 -1.0 -1.0 0.15590948293184237 0.256728011141633 0.1940023970002351 0.20396115767926312 0.5477613586888869 0.29724276822230106 0.06199854191134265 0.12677375648848416 0.08327268483283819 0.0001340437961264426 0.011318254235735188 0.00026494975227875963 0.1409712142479176 0.14123741028752426 0.14110418672171465 0.20100117812390617 0.11035748720752021 0.14248509782050747
graph_file_tag_20_anticipation_20 NineThree.conf 0.03294860942532729 0.04941580128091803 0.03953605499956788 0.03144020159775863 0.031781856129581884 0.03161010570628412 0.03525097846499155 0.1595801837299794 0.05774597407036463 0.024872585393568257 0.30269284946940833 0.04596793767083333 0.03326049488637985 0.04988356214351988 0.0399102960056977 0.03144020159776078 0.03643092515862853 0.03375207355821273 0.03709848979686983 0.134158523657553 0.05812408520597512 0.025565071719311508 0.21195911189784156 0.04562693208506262
graph_file_tag_20_anticipation_20 SixSix.conf 0.05695421191235061 0.11777380092924286 0.0767789194961913 0.055297951709473964 0.07704746867734387 0.06438556301841387 0.0597266584399948 0.43066072995111926 0.10490451806152291 0.031680099321605995 0.4882034989995726 0.059499224008629316 0.056151066820683104 0.11611300277281855 0.07569621445530562 0.05529795170947864 0.09755173095260243 0.07058452217161595 0.05887205973272585 0.2600373167702141 0.09600804224389224 0.02201997662768468 0.04459501191861963 0.02948228744276509
graph_file_tag_20_anticipation_20 NineThree.conf 0.03285879637888068 0.049281101099861724 0.0394282855487241 0.03144020159776091 0.03413626471333704 0.032732811167051706 0.03537378069938241 0.1446799427169502 0.05684832802301676 0.023245492311224972 0.16166450753594272 0.040646488237853835 0.032696790450534655 0.0490381271807414 0.03923388962716294 0.03144020159776167 0.04263392181442911 0.036191291506482016 0.0375712102767298 0.08801246804352578 0.05266185842087921 0.02548381217674664 0.279657320982569 0.04671107148344391
graph_file_tag_20_anticipation_20 SixSix.conf 0.05697876255362897 0.1178245684184404 0.07681201576153981 0.05529795170947595 0.07771940107872241 0.06461899290062988 0.059813650087482545 0.42600901077439396 0.10489899281095366 0.03269230963391364 0.46995064210750453 0.06113195003016327 0.05615887206954023 0.116129142998362 0.07570673656690545 0.055297951709476524 0.0976761036890066 0.07061705268772088 0.05888969847932027 0.25946231001587655 0.09599221488067616 0 0 0
graph_file_tag_20_random_20 SlidingEighteenThree.conf 0.046784116939750216 0.06555486554188777 0.05460128670797912 -1.0 -1.0 -1.0 0.04935483143003944 0.21860160665445685 0.08052835396598555 0.018621100211360715 0.9602914562845716 0.03653377070490734 0.0409105946080464 0.057324765416050145 0.04774635606490626 0.0376362969734238 0.046127564698084156 0.04145154459201431 0.04672290441981839 0.08318949649976577 0.05983808883799072 0.031811378491011885 0.24544057967745905 0.05632279915172778
graph_file_tag_20_random_20 SlidingNineThree.conf 0.07173934949999794 0.06965668076780253 0.07068267697681108 -1.0 -1.0 -1.0 0.07761874752304476 0.36904210298711687 0.12826100959783507 0.010519550805031858 0.959876543209928 0.02081102783725659 0.0714183251663553 0.06934497610798705 0.07036638111635532 0.06985261150976795 0.058783928543178134 0.06384206107929345 0.07724737901693834 0.11316594266694328 0.09181891674066067 0.034389172094556934 0.5181682860688035 0.06449782950280437
graph_file_tag_20_random_20 NineThree.conf 0.05092619133260748 0.07619041725422454 0.06104769172077762 0.04200596602527974 0.012353348078997049 0.019092011304976293 0.055156394979023624 0.3479539638330271 0.09521901803887663 0.014130272491939225 1.0 0.027866779791945396 0.04516563337205897 0.067572075627925 0.05414223193058386 0.042005966025279555 0.05075507429913952 0.04596791754736169 0.05126372118085902 0.13950410207734093 0.07497595003534226 0.04464218088108541 0.25311280491949406 0.07589802461345013
graph_file_tag_20_random_20 SixSix.conf 0.08049727199965893 0.15145688496829932 0.10512306590994537 0.08067928251258517 0.0730055521695548 0.07665083650780385 0.08435877875768734 0.6109352443687053 0.14824735838583375 0.010406546974083525 1.0 0.020598732273159844 0.08212018934293164 0.15451042950796487 0.10724246750710549 0.08067928251258198 0.12640832182716463 0.09849486396011951 0.08654460627434941 0.3168176422882689 0.1359515334432661 0.04903600849555442 0.989802608311771 0.09344275101991122
graph_file_tag_20_random_20 ElevenOne.conf 0.0173294743423952 0.03740677771918759 0.023685940132949498 -1.0 -1.0 -1.0 0.01806872933218481 0.1732662087811203 0.03272481502595141 0.005409461517915704 0.6273247893341176 0.010726428362516643 0.011790588267321215 0.025450738192048638 0.016115385978489133 0.010591122829603162 0.019458192205850565 0.013716392766426897 0.014343712594519518 0.0475251976862758 0.022036521203162882 0.006177234556664443 0.0595344308251223 0.01119308546717264
graph_file_tag_20_anticipation_20 NineThree.conf 0.03289676092983672 0.04933803973060485 0.03947384038702377 0.03144020159776298 0.03428194265385336 0.0327996355101756 0.035518714097485214 0.1442949787994665 0.0570053594374272 0.021704397370976913 0.1453748653570821 0.03776978416044308 0.032836923371395633 0.04924829631050835 0.03940203945087227 0.031440201597763874 0.04039870939512927 0.03536088033956957 0.037100073149430174 0.10399710100015852 0.0546899692029843 0.02536552358580812 0.24833172634305378 0.04602943042574525
graph_file_tag_20_anticipation_20 NineThree.conf 0.0328548675886675 0.049275208762680545 0.039423571271896066 0.03144020159775878 0.03440875301173129 0.03285756434044926 0.03541051129599347 0.1430359092452654 0.05676745618880136 0.022645170018050984 0.14412841602967622 0.039140640466774713 0.03246409055116158 0.048689127566295315 0.038954665824379786 0.031440201597762556 0.04178842972272843 0.035883141095083504 0.0360471430665889 0.09131087842242727 0.05168887298257867 0.02557949750123098 0.2133187266416039 0.04568125907735709
